# Time	[G6P]	[Glc]	[Ru5P]	[6PG]	[6PGL]	[R5P]	[NADPp]	[S7P]	[H2O2]	[X5P]	[NADPH]	[GAP]	[E4P]	[GSSG]	[F6P]	[FBP]	[GSH]	[DHAP]
0	4.952	437.853	7.122	24.96	0.952	8.315	15.081	0.076	0.521	2.946	14.919	171.858	2.59	148.604	1.006	31.128	2702.6	9.696
3	4.18391	437.809	11.0377	33.0438	2.33339	12.7828	22.8436	0.0845899	5.74607	3.74017	7.15638	209.745	2.60391	335.237	0.987452	39.3874	2329.33	11.341
6	4.07801	437.775	16.8274	47.7635	2.91459	19.6486	24.214	0.108144	10.6131	6.17029	5.78605	227.108	1.90184	425.297	1.0227	44.3653	2149.21	12.1467
9	4.21186	437.749	21.8579	60.7575	3.20817	25.6685	24.5389	0.133985	17.8622	10.391	5.46112	246.795	1.31303	473.264	1.11624	51.0893	2053.28	13.1081
12	4.46469	437.73	26.1945	72.2719	3.39668	30.881	24.5284	0.162938	25.4585	15.7231	5.47164	267.904	1.00312	497.428	1.24428	59.2571	2004.95	14.1667
15	4.76903	437.716	30.0665	82.9423	3.52961	35.5483	24.382	0.193851	31.3056	21.4534	5.61804	287.95	0.84165	508.37	1.38454	67.8106	1983.07	15.1862
18	5.08258	437.706	33.5874	93.0745	3.62719	39.8013	24.1867	0.225382	34.8465	27.1617	5.81334	305.803	0.749382	512.5	1.52278	76.0442	1974.81	16.102
21	5.38153	437.699	36.8144	102.781	3.70055	43.7055	23.9839	0.256627	36.5324	32.6444	6.0161	321.195	0.690996	513.367	1.65141	83.5974	1973.07	16.8961
24	5.65393	437.694	39.784	112.089	3.75657	47.303	23.7929	0.287061	37.0406	37.8165	6.20714	334.228	0.650351	512.8	1.76696	90.3181	1974.21	17.5712
27	5.89519	437.69	42.5243	120.991	3.7998	50.6262	23.6213	0.31641	36.9169	42.6533	6.37871	345.146	0.61961	511.694	1.86838	96.1765	1976.42	18.1386
30	6.10506	437.688	45.0588	129.468	3.83335	53.7023	23.4711	0.344553	36.5101	47.1587	6.52892	354.236	0.594776	510.463	1.95601	101.212	1978.88	18.6121
33	6.28566	437.687	47.4073	137.506	3.8595	56.5549	23.3413	0.371466	36.0138	51.3495	6.65867	361.783	0.573737	509.29	2.03098	105.503	1981.23	19.0061
36	6.44016	437.686	49.5872	145.094	3.87997	59.2042	23.2299	0.397171	35.5231	55.2471	6.77005	368.048	0.55534	508.241	2.09475	109.139	1983.33	19.3335
39	6.57204	437.686	51.6135	152.234	3.89605	61.6681	23.1345	0.421715	35.078	58.8737	6.86548	373.257	0.538931	507.332	2.14883	112.214	1985.14	19.6061
42	6.68461	437.686	53.4991	158.931	3.90871	63.9622	23.0527	0.445151	34.6904	62.2505	6.94731	377.6	0.524117	506.556	2.19467	114.813	1986.7	19.8336
45	6.78089	437.686	55.2559	165.198	3.91871	66.1002	22.9823	0.467536	34.3596	65.3972	7.01768	381.232	0.510646	505.897	2.23355	117.013	1988.01	20.024
48	6.86347	437.687	56.894	171.052	3.92664	68.0947	22.9216	0.48892	34.0796	68.3317	7.0784	384.283	0.498341	505.338	2.2666	118.877	1989.13	20.184
51	6.93455	437.687	58.4227	176.512	3.93294	69.9564	22.869	0.50935	33.843	71.0704	7.13103	386.856	0.487072	504.863	2.29475	120.463	1990.08	20.319
54	6.99598	437.687	59.8501	181.6	3.93795	71.6954	22.8232	0.528869	33.6427	73.6279	7.17684	389.036	0.476732	504.458	2.3188	121.814	1990.89	20.4334
57	7.04928	437.688	61.1838	186.337	3.94194	73.3207	22.7831	0.547514	33.4724	76.0175	7.21689	390.889	0.46723	504.111	2.33942	122.97	1991.59	20.5308
60	7.09572	437.688	62.4306	190.745	3.94513	74.8403	22.7479	0.56532	33.3268	78.2514	7.25207	392.472	0.458489	503.811	2.35715	123.963	1992.19	20.614
63	7.13635	437.689	63.5966	194.844	3.94766	76.2618	22.7169	0.582318	33.2017	80.3406	7.28309	393.829	0.450441	503.551	2.37244	124.817	1992.71	20.6853
66	7.17203	437.689	64.6874	198.656	3.94968	77.5919	22.6894	0.598538	33.0936	82.2952	7.31055	394.997	0.443025	503.325	2.38567	125.554	1993.16	20.7467
69	7.20348	437.689	65.7083	202.199	3.95128	78.837	22.665	0.614008	32.9995	84.1246	7.33496	396.005	0.436184	503.127	2.39715	126.193	1993.55	20.7998
72	7.23131	437.69	66.6639	205.493	3.95254	80.0027	22.6433	0.628755	32.9174	85.8373	7.35673	396.879	0.42987	502.953	2.40716	126.749	1993.9	20.8458
75	7.25602	437.69	67.5588	208.554	3.95354	81.0944	22.6238	0.642804	32.8452	87.441	7.3762	397.639	0.424038	502.799	2.41589	127.233	1994.21	20.8858
78	7.27802	437.69	68.3969	211.4	3.95432	82.1169	22.6063	0.65618	32.7815	88.9431	7.39367	398.302	0.418646	502.662	2.42354	127.657	1994.48	20.9207
81	7.29767	437.69	69.1819	214.045	3.95492	83.0749	22.5906	0.668907	32.725	90.3503	7.4094	398.883	0.413658	502.54	2.43027	128.028	1994.73	20.9513
84	7.31528	437.691	69.9174	216.503	3.95539	83.9725	22.5764	0.68101	32.6748	91.6687	7.42358	399.392	0.40904	502.431	2.43619	128.355	1994.95	20.9782
87	7.3311	437.691	70.6066	218.789	3.95573	84.8137	22.5636	0.692513	32.6299	92.9042	7.43641	399.841	0.404763	502.334	2.44142	128.643	1995.14	21.0018
90	7.34534	437.691	71.2524	220.913	3.95599	85.602	22.552	0.703437	32.5897	94.0621	7.44804	400.237	0.400798	502.246	2.44606	128.898	1995.32	21.0227
93	7.35819	437.691	71.8576	222.889	3.95617	86.3409	22.5414	0.713806	32.5535	95.1473	7.4586	400.587	0.39712	502.166	2.45017	129.124	1995.48	21.0412
96	7.36982	437.691	72.4249	224.726	3.95629	87.0335	22.5318	0.723643	32.5209	96.1646	7.46821	400.899	0.393707	502.095	2.45383	129.324	1995.62	21.0577
99	7.38037	437.691	72.9566	226.435	3.95637	87.6827	22.523	0.732968	32.4915	97.1181	7.47697	401.176	0.390538	502.03	2.45711	129.503	1995.75	21.0723
102	7.38994	437.691	73.455	228.024	3.95641	88.2912	22.515	0.741804	32.4648	98.0121	7.48497	401.423	0.387594	501.971	2.46003	129.663	1995.87	21.0854
105	7.39866	437.692	73.9222	229.503	3.95642	88.8618	22.5077	0.750172	32.4406	98.8501	7.49229	401.644	0.384857	501.917	2.46265	129.806	1995.97	21.097
108	7.40661	437.692	74.3601	230.878	3.9564	89.3966	22.501	0.758092	32.4185	99.6358	7.49898	401.842	0.382313	501.868	2.46501	129.934	1996.07	21.1075
111	7.41386	437.692	74.7706	232.158	3.95637	89.898	22.4949	0.765584	32.3984	100.372	7.50513	402.02	0.379945	501.823	2.46713	130.05	1996.16	21.1169
114	7.42049	437.692	75.1554	233.349	3.95632	90.368	22.4892	0.772667	32.3801	101.063	7.51077	402.181	0.377742	501.782	2.46905	130.154	1996.24	21.1254
117	7.42657	437.692	75.5162	234.457	3.95627	90.8085	22.484	0.779361	32.3633	101.71	7.51595	402.325	0.375691	501.745	2.47078	130.248	1996.32	21.1331
120	7.43214	437.692	75.8543	235.489	3.95621	91.2215	22.4793	0.785684	32.3479	102.317	7.52072	402.456	0.37378	501.711	2.47235	130.333	1996.39	21.14
123	7.43725	437.692	76.1712	236.45	3.95614	91.6087	22.4749	0.791653	32.3339	102.886	7.52511	402.575	0.372001	501.679	2.47377	130.409	1996.45	21.1463
126	7.44195	437.692	76.4682	237.344	3.95607	91.9715	22.4708	0.797287	32.3209	103.419	7.52916	402.682	0.370342	501.65	2.47506	130.479	1996.51	21.152
129	7.44627	437.692	76.7467	238.177	3.95599	92.3117	22.4671	0.802601	32.309	103.919	7.5329	402.78	0.368795	501.623	2.47624	130.543	1996.56	21.1571
132	7.45026	437.692	77.0076	238.953	3.95592	92.6305	22.4636	0.807612	32.2981	104.388	7.53635	402.869	0.367353	501.599	2.47732	130.601	1996.61	21.1619
135	7.45393	437.692	77.2522	239.675	3.95585	92.9293	22.4605	0.812335	32.288	104.827	7.53954	402.95	0.366008	501.576	2.4783	130.654	1996.66	21.1661
138	7.45731	437.692	77.4813	240.348	3.95577	93.2093	22.4575	0.816785	32.2787	105.239	7.54249	403.024	0.364754	501.555	2.47919	130.702	1996.7	21.1701
141	7.46044	437.692	77.6961	240.974	3.9557	93.4716	22.4548	0.820977	32.2701	105.625	7.54522	403.091	0.363582	501.536	2.48001	130.746	1996.74	21.1737
144	7.46333	437.692	77.8973	241.558	3.95563	93.7175	22.4523	0.824922	32.2622	105.986	7.54774	403.153	0.36249	501.518	2.48077	130.786	1996.77	21.1769
147	7.466	437.692	78.0858	242.102	3.95557	93.9479	22.4499	0.828636	32.2549	106.325	7.55008	403.21	0.36147	501.501	2.48146	130.823	1996.81	21.18
150	7.46847	437.692	78.2624	242.609	3.9555	94.1637	22.4477	0.83213	32.2481	106.642	7.55225	403.262	0.360518	501.486	2.48209	130.857	1996.84	21.1827
153	7.47076	437.692	78.4279	243.082	3.95544	94.3659	22.4457	0.835417	32.2419	106.94	7.55426	403.31	0.359628	501.472	2.48267	130.889	1996.86	21.1853
156	7.47288	437.692	78.5829	243.522	3.95538	94.5553	22.4439	0.838508	32.2361	107.218	7.55613	403.354	0.358798	501.459	2.48321	130.918	1996.89	21.1876
159	7.47484	437.692	78.7281	243.932	3.95532	94.7327	22.4421	0.841412	32.2307	107.479	7.55786	403.395	0.358022	501.446	2.48371	130.944	1996.92	21.1898
162	7.47667	437.692	78.8641	244.315	3.95527	94.8988	22.4405	0.844142	32.2257	107.724	7.55947	403.432	0.357298	501.435	2.48416	130.968	1996.94	21.1918
165	7.47836	437.692	78.9914	244.671	3.95522	95.0545	22.439	0.846707	32.2211	107.953	7.56096	403.467	0.356621	501.425	2.48459	130.991	1996.96	21.1936
168	7.47993	437.692	79.1107	245.003	3.95517	95.2002	22.4377	0.849115	32.2168	108.167	7.56234	403.498	0.355989	501.415	2.48497	131.012	1996.98	21.1953
171	7.48138	437.692	79.2223	245.313	3.95513	95.3366	22.4364	0.851377	32.2129	108.368	7.56363	403.528	0.355398	501.406	2.48534	131.031	1997	21.1968
174	7.48273	437.692	79.3269	245.602	3.95508	95.4644	22.4352	0.853501	32.2092	108.556	7.56483	403.555	0.354846	501.398	2.48567	131.049	1997.01	21.1983
177	7.48399	437.692	79.4248	245.871	3.95504	95.584	22.4341	0.855493	32.2058	108.732	7.56594	403.58	0.354331	501.39	2.48598	131.065	1997.03	21.1996
180	7.48516	437.692	79.5164	246.122	3.95501	95.696	22.433	0.857364	32.2026	108.897	7.56698	403.603	0.353849	501.383	2.48626	131.081	1997.04	21.2009
183	7.48625	437.692	79.6022	246.356	3.95497	95.8009	22.4321	0.859118	32.1996	109.052	7.56794	403.625	0.353398	501.376	2.48653	131.095	1997.06	21.202
186	7.48726	437.692	79.6825	246.575	3.95494	95.8991	22.4312	0.860765	32.1969	109.196	7.56884	403.645	0.352977	501.37	2.48677	131.108	1997.07	21.2031
189	7.4882	437.692	79.7577	246.778	3.9549	95.991	22.4303	0.862308	32.1943	109.332	7.56968	403.664	0.352583	501.364	2.487	131.12	1997.08	21.2041
192	7.48907	437.693	79.8281	246.968	3.95487	96.077	22.4295	0.863756	32.1919	109.458	7.57045	403.681	0.352216	501.358	2.48721	131.131	1997.09	21.205
195	7.48988	437.693	79.8939	247.146	3.95485	96.1575	22.4288	0.865113	32.1897	109.577	7.57118	403.697	0.351872	501.353	2.48741	131.142	1997.1	21.2058
198	7.49064	437.693	79.9556	247.311	3.95482	96.2328	22.4281	0.866385	32.1876	109.688	7.57185	403.712	0.351551	501.349	2.48759	131.151	1997.11	21.2066
201	7.49135	437.693	80.0132	247.465	3.9548	96.3032	22.4275	0.867577	32.1857	109.792	7.57248	403.725	0.35125	501.344	2.48776	131.16	1997.12	21.2073
204	7.492	437.693	80.0671	247.609	3.95477	96.3692	22.4269	0.868693	32.1839	109.889	7.57306	403.738	0.35097	501.34	2.48792	131.169	1997.13	21.208
207	7.49261	437.693	80.1176	247.743	3.95475	96.4308	22.4264	0.869739	32.1823	109.98	7.57361	403.75	0.350707	501.336	2.48806	131.177	1997.14	21.2086
210	7.49318	437.693	80.1648	247.868	3.95473	96.4885	22.4259	0.870719	32.1807	110.065	7.57411	403.761	0.350462	501.333	2.4882	131.184	1997.14	21.2092
213	7.49371	437.693	80.209	247.984	3.95471	96.5425	22.4254	0.871637	32.1793	110.144	7.57459	403.771	0.350233	501.33	2.48833	131.191	1997.15	21.2098
216	7.49421	437.693	80.2503	248.093	3.95469	96.593	22.425	0.872496	32.1779	110.219	7.57503	403.781	0.350019	501.327	2.48844	131.197	1997.16	21.2103
219	7.49467	437.693	80.2889	248.195	3.95468	96.6402	22.4246	0.873301	32.1767	110.288	7.57544	403.79	0.349819	501.324	2.48855	131.203	1997.16	21.2108
222	7.4951	437.693	80.3251	248.29	3.95466	96.6844	22.4242	0.874055	32.1755	110.353	7.57582	403.798	0.349631	501.321	2.48866	131.208	1997.17	21.2112
225	7.4955	437.693	80.3589	248.378	3.95465	96.7257	22.4238	0.87476	32.1744	110.414	7.57618	403.806	0.349456	501.319	2.48875	131.213	1997.17	21.2116
228	7.49587	437.693	80.3905	248.46	3.95463	96.7643	22.4235	0.87542	32.1734	110.471	7.57651	403.813	0.349293	501.316	2.48884	131.218	1997.18	21.212
231	7.49622	437.693	80.42	248.537	3.95462	96.8005	22.4232	0.876038	32.1725	110.525	7.57682	403.82	0.34914	501.314	2.48892	131.222	1997.18	21.2124
234	7.49654	437.693	80.4477	248.609	3.95461	96.8342	22.4229	0.876616	32.1716	110.574	7.57711	403.826	0.348997	501.312	2.489	131.226	1997.18	21.2127
237	7.49684	437.693	80.4735	248.676	3.9546	96.8658	22.4226	0.877157	32.1708	110.621	7.57738	403.832	0.348864	501.31	2.48907	131.23	1997.19	21.213
240	7.49713	437.693	80.4977	248.739	3.95459	96.8954	22.4224	0.877663	32.17	110.664	7.57763	403.837	0.348739	501.308	2.48914	131.234	1997.19	21.2133
243	7.49739	437.693	80.5203	248.797	3.95458	96.923	22.4221	0.878137	32.1693	110.705	7.57786	403.842	0.348623	501.307	2.4892	131.237	1997.19	21.2135
246	7.49763	437.693	80.5414	248.851	3.95457	96.9488	22.4219	0.87858	32.1686	110.743	7.57808	403.847	0.348514	501.305	2.48926	131.24	1997.2	21.2138
249	7.49786	437.693	80.5611	248.902	3.95456	96.9729	22.4217	0.878994	32.168	110.779	7.57829	403.851	0.348412	501.304	2.48931	131.243	1997.2	21.214
252	7.49808	437.693	80.5796	248.949	3.95455	96.9955	22.4215	0.879382	32.1674	110.812	7.57848	403.855	0.348317	501.303	2.48936	131.246	1997.2	21.2142
255	7.49828	437.693	80.5968	248.994	3.95455	97.0165	22.4213	0.879744	32.1669	110.843	7.57866	403.859	0.348228	501.301	2.48941	131.248	1997.21	21.2144
258	7.49846	437.693	80.6129	249.035	3.95454	97.0363	22.4212	0.880083	32.1664	110.872	7.57882	403.863	0.348145	501.3	2.48945	131.25	1997.21	21.2146
261	7.49863	437.693	80.628	249.073	3.95453	97.0547	22.421	0.8804	32.1659	110.899	7.57898	403.866	0.348067	501.299	2.48949	131.253	1997.21	21.2148
264	7.4988	437.693	80.6421	249.109	3.95453	97.0719	22.4209	0.880696	32.1655	110.925	7.57912	403.869	0.347995	501.298	2.48953	131.255	1997.21	21.215
267	7.49895	437.693	80.6552	249.143	3.95452	97.088	22.4207	0.880973	32.1651	110.949	7.57925	403.872	0.347927	501.297	2.48957	131.256	1997.21	21.2151
270	7.49909	437.693	80.6675	249.174	3.95452	97.103	22.4206	0.881232	32.1647	110.971	7.57938	403.875	0.347864	501.296	2.4896	131.258	1997.22	21.2153
273	7.49922	437.693	80.679	249.203	3.95451	97.117	22.4205	0.881474	32.1643	110.992	7.5795	403.877	0.347805	501.296	2.48963	131.26	1997.22	21.2154
276	7.49934	437.693	80.6898	249.231	3.95451	97.1302	22.4204	0.8817	32.164	111.011	7.5796	403.879	0.347749	501.295	2.48966	131.261	1997.22	21.2155
279	7.49945	437.693	80.6998	249.256	3.9545	97.1424	22.4203	0.881912	32.1637	111.029	7.57971	403.882	0.347698	501.294	2.48969	131.263	1997.22	21.2156
282	7.49956	437.693	80.7092	249.28	3.9545	97.1539	22.4202	0.88211	32.1634	111.046	7.5798	403.884	0.347649	501.293	2.48971	131.264	1997.22	21.2158
285	7.49966	437.693	80.7179	249.302	3.95449	97.1646	22.4201	0.882294	32.1631	111.062	7.57989	403.886	0.347604	501.293	2.48974	131.265	1997.22	21.2159
288	7.49975	437.693	80.7261	249.323	3.95449	97.1746	22.42	0.882467	32.1629	111.076	7.57997	403.887	0.347562	501.292	2.48976	131.267	1997.22	21.216
291	7.49984	437.693	80.7338	249.342	3.95449	97.1839	22.4199	0.882628	32.1627	111.09	7.58005	403.889	0.347523	501.292	2.48978	131.268	1997.22	21.216
294	7.49992	437.693	80.7409	249.36	3.95448	97.1927	22.4199	0.882779	32.1624	111.103	7.58012	403.89	0.347486	501.291	2.4898	131.269	1997.23	21.2161
297	7.49999	437.693	80.7476	249.377	3.95448	97.2008	22.4198	0.88292	32.1622	111.115	7.58019	403.892	0.347452	501.291	2.48982	131.27	1997.23	21.2162
300	7.50006	437.693	80.7538	249.392	3.95448	97.2084	22.4197	0.883051	32.1621	111.126	7.58025	403.893	0.34742	501.29	2.48983	131.27	1997.23	21.2163
